6641
6287
5648
6423
6069
5430
5788
5925
5892
1008
6377
6023
5384
4290
5807
6721
5728
6499
6145
5506
6677
6323
5684
5917
6654
6300
5661
5870
5794
6664
6310
5671
6424
6070
5431
6515
6161
5522
6496
6142
5503
6622
6268
5629
6689
6335
5696
6743
5750
6617
6263
5624
6704
5711
5921
6644
6290
5651
6366
6012
5373
5838
5916
5872
5826
6592
6238
5599
6701
5708
6524
6170
5531
5753
6510
6156
5517
6667
6313
5674
5922
6449
6095
5456
5834
6692
5699
6710
5717
6700
5707
6337
5983
5344
6428
6074
5435
6460
6106
5467
6681
6597
6327
6243
5688
5604
4905
5974
5865
5875
6565
6211
5572
5868
6480
6126
5487
6577
6223
5584
6531
6177
5538
6481
6127
5488
6516
6162
5523
6556
6202
5563
6497
6143
5504
4721
6340
5986
5347
6657
6303
5664
6518
6164
5525
6517
6163
5524
6459
6105
5466
6540
6186
5547
6391
6037
5398
6360
6006
5367
6394
6040
5401
6405
6051
5412
4629
6694
5701
6440
6086
5447
5981
6550
6196
5557
6635
6281
5642
6451
6097
5458
6608
6254
5615
6656
6302
5663
4880
5958
5175
6573
6219
5580
5914
6409
6055
5416
4633
5793
5851
5960
6587
6233
5594
5955
6364
6010
5371
6339
5985
5346
6416
6062
5423
6417
6063
5424
6599
6245
5606
5948
6707
5714
6482
6128
5489
4706
6623
6612
6269
6258
5630
5619
4847
6478
6124
5485
6527
6173
5534
5940
6615
6261
5622
5806
6666
6312
5673
6567
6213
5574
6538
6184
5545
5863
5898
5797
5014
6491
6137
5498
5902
5768
5947
5938
5164
6728
5735
6484
6130
5491
5861
6586
6232
5593
4298
6651
6297
5658
6403
6049
5410
6702
5709
6457
6103
5464
6663
6309
5670
5796
5779
5842
6674
6320
5681
6487
6133
5494
6545
6191
5552
6638
6284
5645
5973
6498
6144
5505
5811
5949
5945
6342
5988
5349
5924
6583
6229
5590
6734
5741
6602
6248
5609
5763
6724
5731
6488
6134
5495
6511
6157
5518
6626
6272
5633
6356
6002
5363
6673
6319
5680
5795
6632
6278
5639
6512
6158
5519
5823
6549
6195
5556
6547
6193
5554
6495
6141
5502
6380
6026
5387
6572
6218
5579
6575
6221
5582
6395
6041
5402
6415
6061
5422
6467
6113
5474
6506
6152
5513
6553
6199
5560
6679
6325
5686
6375
6021
5382
5920
5891
4413
6648
6294
5655
6569
6215
5576
5801
6494
6140
5501
6441
6087
5448
5909
6345
5991
5352
5800
6429
6075
5436
5792
5009
6647
6293
5654
6374
6020
5381
5762
6744
5751
6546
6192
5553
6505
6151
5512
6378
6024
5385
6520
6166
5527
5977
6404
6050
5411
5839
5910
5935
6509
6155
5516
6466
6112
5473
6568
6214
5575
6348
5994
5355
5966
5813
5803
5754
6483
6129
5490
5778
5932
5810
5896
6714
5721
5765
6507
6153
5514
6486
6132
5493
6574
6220
5581
6469
6115
5476
6715
5722
6470
6116
5477
5840
6370
6016
5377
5844
5760
5766
6557
6203
5564
6742
5749
6580
5587
5919
5136
6475
6121
5482
6686
6332
5693
5893
6737
5744
5869
6636
6282
5643
6603
6249
5610
6406
6052
5413
5889
5901
5847
5904
6722
5729
5864
5951
5168
6662
6308
5669
5836
5954
6695
5702
6713
5720
6347
5993
5354
5876
6720
5727
5791
5775
6355
6001
5362
6462
6108
5469
6561
6207
5568
6349
5995
5356
6670
6316
5677
6548
6194
5555
5849
5965
6687
6333
5694
6492
6138
5499
6371
6017
5378
6430
6076
5437
6453
6099
5460
6489
6135
5496
5769
5900
5867
6444
6090
5451
5860
5830
5906
6514
6160
5521
6627
6273
5634
6344
5990
5351
6442
6088
5449
5833
6530
6176
5537
6501
6147
5508
5866
6420
6066
5427
5780
6705
5712
5943
5894
6445
6091
5452
6675
6321
5682
6397
6043
5404
6685
6331
5692
6439
6085
5446
5809
5874
5856
5825
6529
6175
5536
6628
6274
5635
6584
6230
5591
6680
6326
5687
5907
6598
6244
5605
5915
5978
6341
5987
5348
6346
5992
5353
6468
6114
5475
5767
5848
5976
5963
5837
6618
6264
5625
6421
6067
5428
6668
6314
5675
5850
4425
5799
5979
4332
4374
4412
5964
6381
6027
5388
5887
6458
6104
5465
6447
6093
5454
6730
5737
6456
6102
5463
6372
6018
5379
6650
6296
5657
6388
6034
5395
5759
6729
5736
5824
4367
4346
4395
4401
4342
4435
4310
4418
4308
4411
4318
4429
4335
4323
4384
4375
4292
4400
4313
4370
4386
4317
4366
4123
4434
4327
4084
4358
4339
4383
4140
4315
4433
4295
4334
4421
4178
4430
4306
4319
4302
4415
4396
4385
4427
4404
4379
4320
4291
4432
4362
4345
4293
4356
4300
4348
4382
4341
4399
4417
4312
4426
4309
4340
4355
4364
4390
4371
4394
4297
4288
4349
4414
4409
4360
4304
4373
4391
4405
4325
4343
4422
4368
4428
4307
4329
4337
4344
4324
4423
4314
4333
4389
4377
4305
4350
4296
4372
4363
4316
4328
4419
4369
4301
4378
4431
4359
4387
4311
4420
4398
4408
4365
4294
5852
6338
5984
5345
4347
4403
6407
6053
5414
6454
6100
5461
5969
5218
6385
6031
5392
5752
6593
6239
5600
6562
6208
5569
6400
6046
5407
5942
6477
6123
5484
5881
5913
6532
6178
5539
6594
6240
5601
6718
5725
5962
6619
6265
5626
6560
6206
5567
5776
6643
6289
5650
4867
6463
6109
5470
5911
6639
6285
5646
6539
6185
5546
5908
6419
6065
5426
6523
6169
5530
6691
5698
6479
6125
5486
4397
4393
4388
4402
4361
4289
4416
4406
4354
4352
4351
4303
4376
4353
4338
6723
5730
4330
6382
6028
5389
4331
4299
4056
6740
5747
6474
6120
5481
6390
6036
5397
6465
6111
5472
6427
6073
5434
5859
5950
5167
5858
6570
6216
5577
5878
6443
6089
5450
6616
6262
5623
6533
6179
5540
6633
6279
5640
5818
5841
6392
6038
5399
6534
6180
5541
6551
6197
5558
6698
5705
6450
6096
5457
6607
6253
5614
6552
6198
5559
6543
6189
5550
6525
6171
5532
5770
6566
6212
5573
5843
6537
6183
5544
6696
5703
6536
6182
5543
6367
6013
5374
6684
6330
5691
4336
6373
6019
5380
4392
4424
4381
4321
4380
4407
5821
6425
6071
5432
5873
6368
6014
5375
6526
6172
5533
6614
6260
5621
4322
4357
6361
6007
5368
6362
6008
5369
6649
6295
5656
6485
6131
5492
6741
5748
6735
5742
6544
6190
5551
6472
6118
5479
6576
6222
5583
5897
6733
5740
5930
6350
5996
5357
5835
6386
6032
5393
6500
6146
5507
5814
5888
6493
6139
5500
5815
5857
6658
6304
5665
6522
6168
5529
5820
6590
6236
5597
5764
6476
6122
5483
5789
6354
6000
5361
6717
5724
6376
6022
5383
6558
6204
5565
5773
6712
5719
6629
6275
5636
6504
6150
5511
6555
6201
5562
5817
6682
6328
5689
5971
6521
6167
5528
6399
6045
5406
5785
5828
6351
5997
5358
6432
6078
5439
5790
6690
6336
5697
5808
6645
6291
5652
5782
5928
6402
6048
5409
6703
5710
5883
6412
6058
5419
6736
5743
5783
5890
6625
6271
5632
6414
6060
5421
5772
4989
6343
5989
5350
5939
5918
5829
6621
6267
5628
5929
6436
6082
5443
6709
5716
6582
6228
5589
5912
6719
5726
6396
6042
5403
5882
6433
6079
5440
6435
6081
5442
6542
6188
5549
5845
5931
6473
6119
5480
5757
6455
6101
5462
6359
6005
5366
6613
6259
5620
5956
5880
6732
5739
6609
6255
5616
5926
6688
6334
5695
6581
6227
5588
6564
6210
5571
6589
6235
5596
6716
5723
5774
4991
6401
6047
5408
6357
6003
5364
6601
6247
5608
5899
6595
6241
5602
6676
6322
5683
5885
6513
6159
5520
5871
6726
5733
5777
5879
6369
6015
5376
5946
6426
6072
5433
5884
5905
6508
6154
5515
6624
6270
5631
6503
6149
5510
5936
5927
6585
6231
5592
6655
6301
5662
6446
6092
5453
6578
6224
5585
6669
6315
5676
5832
6571
6217
5578
6519
6165
5526
5758
6610
6256
5617
6563
6209
5570
6671
6317
5678
6642
6288
5649
5798
5822
5970
6431
6077
5438
5967
6620
6266
5627
6452
6098
5459
6660
6306
5667
6422
6068
5429
5953
5802
6693
5700
5933
5886
5103
5812
4410
6665
6311
5672
6653
6299
5660
6727
5734
5819
5846
6413
6059
5420
6672
6318
5679
6596
6242
5603
6600
6246
5607
6738
5745
6365
6011
5372
5755
5972
5189
5805
6448
6094
5455
6490
6136
5497
5781
5982
6646
6292
5653
6438
6084
5445
5831
6579
6225
5586
6363
6009
5370
6683
6329
5690
6379
6025
5386
5895
6634
6280
5641
6384
6030
5391
6554
6200
5561
6606
6252
5613
6678
6324
5685
6604
6250
5611
6637
6283
5644
6398
6044
5405
6725
5732
6434
6080
5441
5756
5804
5761
5952
5771
5827
5968
6711
5718
6387
6033
5394
6659
6305
5666
6731
5738
6630
6276
5637
5980
6358
6004
5365
6352
5998
5359
5944
6383
6029
5390
5975
6739
5746
6410
6056
5417
5923
5941
6708
5715
6528
6174
5535
5937
5862
4326
6471
6117
5478
6418
6064
5425
6652
6298
5659
6535
6181
5542
6541
6187
5548
5957
6661
6307
5668
6559
6205
5566
5903
6408
6054
5415
6591
6237
5598
6611
6257
5618
6411
6057
5418
6353
5999
5360
6393
6039
5400
6461
6107
5468
5816
5786
6464
6110
5471
5959
6697
5704
6588
6234
5595
5853
6640
6286
5647
5787
6631
6277
5638
5854
5855
5934
6605
6251
5612
6699
5706
6502
6148
5509
6389
6035
5396
5877
6437
6083
5444
5961
6706
5713